cluster
"['50944.jpg', '51986.jpg', '10714.jpg', '47074.jpg', '47062.jpg', '11247.jpg', '30902.jpg', '7782.jpg', '27422.jpg', '28626.jpg', '48494.jpg', '27405.jpg', '35037.jpg', '28901.jpg', '47051.jpg', '41312.jpg', '50954.jpg', '24754.jpg', '30892.jpg', '30714.jpg', '47061.jpg', '42002.jpg', '11308.jpg', '16516.jpg', '11099.jpg', '35034.jpg', '40364.jpg', '48066.jpg', '27421.jpg', '7179.jpg', '40931.jpg', '17621.jpg', '27904.jpg', '39128.jpg', '47066.jpg', '23302.jpg', '46746.jpg', '57824.jpg', '12160.jpg', '13380.jpg']"
